1	2	3	4
1	2	3	5
1	2	3	6
1	2	3	7
1	2	3	8
1	2	3	9
1	2	3	10
1	2	4	5
1	2	4	6
1	2	4	7
1	2	4	8
1	2	4	9
1	2	4	10
1	2	5	6
1	2	5	7
1	2	5	8
1	2	5	9
1	2	5	10
1	2	6	7
1	2	6	8
1	2	6	9
1	2	6	10
1	2	7	8
1	2	7	9
1	2	7	10
1	2	8	9
1	2	8	10
1	2	9	10
1	3	4	5
1	3	4	6
1	3	4	7
1	3	4	8
1	3	4	9
1	3	4	10
1	3	5	6
1	3	5	7
1	3	5	8
1	3	5	9
1	3	5	10
1	3	6	7
1	3	6	8
1	3	6	9
1	3	6	10
1	3	7	8
1	3	7	9
1	3	7	10
1	3	8	9
1	3	8	10
1	3	9	10
1	4	5	6
1	4	5	7
1	4	5	8
1	4	5	9
1	4	5	10
1	4	6	7
1	4	6	8
1	4	6	9
1	4	6	10
1	4	7	8
1	4	7	9
1	4	7	10
1	4	8	9
1	4	8	10
1	4	9	10
1	5	6	7
1	5	6	8
1	5	6	9
1	5	6	10
1	5	7	8
1	5	7	9
1	5	7	10
1	5	8	9
1	5	8	10
1	5	9	10
1	6	7	8
1	6	7	9
1	6	7	10
1	6	8	9
1	6	8	10
1	6	9	10
1	7	8	9
1	7	8	10
1	7	9	10
1	8	9	10
2	3	4	5
2	3	4	6
2	3	4	7
2	3	4	8
2	3	4	9
2	3	4	10
2	3	5	6
2	3	5	7
2	3	5	8
2	3	5	9
2	3	5	10
2	3	6	7
2	3	6	8
2	3	6	9
2	3	6	10
2	3	7	8
2	3	7	9
2	3	7	10
2	3	8	9
2	3	8	10
2	3	9	10
2	4	5	6
2	4	5	7
2	4	5	8
2	4	5	9
2	4	5	10
2	4	6	7
2	4	6	8
2	4	6	9
2	4	6	10
2	4	7	8
2	4	7	9
2	4	7	10
2	4	8	9
2	4	8	10
2	4	9	10
2	5	6	7
2	5	6	8
2	5	6	9
2	5	6	10
2	5	7	8
2	5	7	9
2	5	7	10
2	5	8	9
2	5	8	10
2	5	9	10
2	6	7	8
2	6	7	9
2	6	7	10
2	6	8	9
2	6	8	10
2	6	9	10
2	7	8	9
2	7	8	10
2	7	9	10
2	8	9	10
3	4	5	6
3	4	5	7
3	4	5	8
3	4	5	9
3	4	5	10
3	4	6	7
3	4	6	8
3	4	6	9
3	4	6	10
3	4	7	8
3	4	7	9
3	4	7	10
3	4	8	9
3	4	8	10
3	4	9	10
3	5	6	7
3	5	6	8
3	5	6	9
3	5	6	10
3	5	7	8
3	5	7	9
3	5	7	10
3	5	8	9
3	5	8	10
3	5	9	10
3	6	7	8
3	6	7	9
3	6	7	10
3	6	8	9
3	6	8	10
3	6	9	10
3	7	8	9
3	7	8	10
3	7	9	10
3	8	9	10
4	5	6	7
4	5	6	8
4	5	6	9
4	5	6	10
4	5	7	8
4	5	7	9
4	5	7	10
4	5	8	9
4	5	8	10
4	5	9	10
4	6	7	8
4	6	7	9
4	6	7	10
4	6	8	9
4	6	8	10
4	6	9	10
4	7	8	9
4	7	8	10
4	7	9	10
4	8	9	10
5	6	7	8
5	6	7	9
5	6	7	10
5	6	8	9
5	6	8	10
5	6	9	10
5	7	8	9
5	7	8	10
5	7	9	10
5	8	9	10
6	7	8	9
6	7	8	10
6	7	9	10
6	8	9	10
7	8	9	10
11	12	13	14
11	12	13	15
11	12	13	16
11	12	13	17
11	12	13	18
11	12	13	19
11	12	13	20
11	12	14	15
11	12	14	16
11	12	14	17
11	12	14	18
11	12	14	19
11	12	14	20
11	12	15	16
11	12	15	17
11	12	15	18
11	12	15	19
11	12	15	20
11	12	16	17
11	12	16	18
11	12	16	19
11	12	16	20
11	12	17	18
11	12	17	19
11	12	17	20
11	12	18	19
11	12	18	20
11	12	19	20
11	13	14	15
11	13	14	16
11	13	14	17
11	13	14	18
11	13	14	19
11	13	14	20
11	13	15	16
11	13	15	17
11	13	15	18
11	13	15	19
11	13	15	20
11	13	16	17
11	13	16	18
11	13	16	19
11	13	16	20
11	13	17	18
11	13	17	19
11	13	17	20
11	13	18	19
11	13	18	20
11	13	19	20
11	14	15	16
11	14	15	17
11	14	15	18
11	14	15	19
11	14	15	20
11	14	16	17
11	14	16	18
11	14	16	19
11	14	16	20
11	14	17	18
11	14	17	19
11	14	17	20
11	14	18	19
11	14	18	20
11	14	19	20
11	15	16	17
11	15	16	18
11	15	16	19
11	15	16	20
11	15	17	18
11	15	17	19
11	15	17	20
11	15	18	19
11	15	18	20
11	15	19	20
11	16	17	18
11	16	17	19
11	16	17	20
11	16	18	19
11	16	18	20
11	16	19	20
11	17	18	19
11	17	18	20
11	17	19	20
11	18	19	20
12	13	14	15
12	13	14	16
12	13	14	17
12	13	14	18
12	13	14	19
12	13	14	20
12	13	15	16
12	13	15	17
12	13	15	18
12	13	15	19
12	13	15	20
12	13	16	17
12	13	16	18
12	13	16	19
12	13	16	20
12	13	17	18
12	13	17	19
12	13	17	20
12	13	18	19
12	13	18	20
12	13	19	20
12	14	15	16
12	14	15	17
12	14	15	18
12	14	15	19
12	14	15	20
12	14	16	17
12	14	16	18
12	14	16	19
12	14	16	20
12	14	17	18
12	14	17	19
12	14	17	20
12	14	18	19
12	14	18	20
12	14	19	20
12	15	16	17
12	15	16	18
12	15	16	19
12	15	16	20
12	15	17	18
12	15	17	19
12	15	17	20
12	15	18	19
12	15	18	20
12	15	19	20
12	16	17	18
12	16	17	19
12	16	17	20
12	16	18	19
12	16	18	20
12	16	19	20
12	17	18	19
12	17	18	20
12	17	19	20
12	18	19	20
13	14	15	16
13	14	15	17
13	14	15	18
13	14	15	19
13	14	15	20
13	14	16	17
13	14	16	18
13	14	16	19
13	14	16	20
13	14	17	18
13	14	17	19
13	14	17	20
13	14	18	19
13	14	18	20
13	14	19	20
13	15	16	17
13	15	16	18
13	15	16	19
13	15	16	20
13	15	17	18
13	15	17	19
13	15	17	20
13	15	18	19
13	15	18	20
13	15	19	20
13	16	17	18
13	16	17	19
13	16	17	20
13	16	18	19
13	16	18	20
13	16	19	20
13	17	18	19
13	17	18	20
13	17	19	20
13	18	19	20
14	15	16	17
14	15	16	18
14	15	16	19
14	15	16	20
14	15	17	18
14	15	17	19
14	15	17	20
14	15	18	19
14	15	18	20
14	15	19	20
14	16	17	18
14	16	17	19
14	16	17	20
14	16	18	19
14	16	18	20
14	16	19	20
14	17	18	19
14	17	18	20
14	17	19	20
14	18	19	20
15	16	17	18
15	16	17	19
15	16	17	20
15	16	18	19
15	16	18	20
15	16	19	20
15	17	18	19
15	17	18	20
15	17	19	20
15	18	19	20
16	17	18	19
16	17	18	20
16	17	19	20
16	18	19	20
17	18	19	20
21	22	23	24
21	22	23	25
21	22	23	26
21	22	23	27
21	22	23	28
21	22	23	29
21	22	23	30
21	22	24	25
21	22	24	26
21	22	24	27
21	22	24	28
21	22	24	29
21	22	24	30
21	22	25	26
21	22	25	27
21	22	25	28
21	22	25	29
21	22	25	30
21	22	26	27
21	22	26	28
21	22	26	29
21	22	26	30
21	22	27	28
21	22	27	29
21	22	27	30
21	22	28	29
21	22	28	30
21	22	29	30
21	23	24	25
21	23	24	26
21	23	24	27
21	23	24	28
21	23	24	29
21	23	24	30
21	23	25	26
21	23	25	27
21	23	25	28
21	23	25	29
21	23	25	30
21	23	26	27
21	23	26	28
21	23	26	29
21	23	26	30
21	23	27	28
21	23	27	29
21	23	27	30
21	23	28	29
21	23	28	30
21	23	29	30
21	24	25	26
21	24	25	27
21	24	25	28
21	24	25	29
21	24	25	30
21	24	26	27
21	24	26	28
21	24	26	29
21	24	26	30
21	24	27	28
21	24	27	29
21	24	27	30
21	24	28	29
21	24	28	30
21	24	29	30
21	25	26	27
21	25	26	28
21	25	26	29
21	25	26	30
21	25	27	28
21	25	27	29
21	25	27	30
21	25	28	29
21	25	28	30
21	25	29	30
21	26	27	28
21	26	27	29
21	26	27	30
21	26	28	29
21	26	28	30
21	26	29	30
21	27	28	29
21	27	28	30
21	27	29	30
21	28	29	30
22	23	24	25
22	23	24	26
22	23	24	27
22	23	24	28
22	23	24	29
22	23	24	30
22	23	25	26
22	23	25	27
22	23	25	28
22	23	25	29
22	23	25	30
22	23	26	27
22	23	26	28
22	23	26	29
22	23	26	30
22	23	27	28
22	23	27	29
22	23	27	30
22	23	28	29
22	23	28	30
22	23	29	30
22	24	25	26
22	24	25	27
22	24	25	28
22	24	25	29
22	24	25	30
22	24	26	27
22	24	26	28
22	24	26	29
22	24	26	30
22	24	27	28
22	24	27	29
22	24	27	30
22	24	28	29
22	24	28	30
22	24	29	30
22	25	26	27
22	25	26	28
22	25	26	29
22	25	26	30
22	25	27	28
22	25	27	29
22	25	27	30
22	25	28	29
22	25	28	30
22	25	29	30
22	26	27	28
22	26	27	29
22	26	27	30
22	26	28	29
22	26	28	30
22	26	29	30
22	27	28	29
22	27	28	30
22	27	29	30
22	28	29	30
23	24	25	26
23	24	25	27
23	24	25	28
23	24	25	29
23	24	25	30
23	24	26	27
23	24	26	28
23	24	26	29
23	24	26	30
23	24	27	28
23	24	27	29
23	24	27	30
23	24	28	29
23	24	28	30
23	24	29	30
23	25	26	27
23	25	26	28
23	25	26	29
23	25	26	30
23	25	27	28
23	25	27	29
23	25	27	30
23	25	28	29
23	25	28	30
23	25	29	30
23	26	27	28
23	26	27	29
23	26	27	30
23	26	28	29
23	26	28	30
23	26	29	30
23	27	28	29
23	27	28	30
23	27	29	30
23	28	29	30
24	25	26	27
24	25	26	28
24	25	26	29
24	25	26	30
24	25	27	28
24	25	27	29
24	25	27	30
24	25	28	29
24	25	28	30
24	25	29	30
24	26	27	28
24	26	27	29
24	26	27	30
24	26	28	29
24	26	28	30
24	26	29	30
24	27	28	29
24	27	28	30
24	27	29	30
24	28	29	30
25	26	27	28
25	26	27	29
25	26	27	30
25	26	28	29
25	26	28	30
25	26	29	30
25	27	28	29
25	27	28	30
25	27	29	30
25	28	29	30
26	27	28	29
26	27	28	30
26	27	29	30
26	28	29	30
27	28	29	30
31	32	33	34
31	32	33	35
31	32	33	36
31	32	33	37
31	32	33	38
31	32	33	39
31	32	33	40
31	32	34	35
31	32	34	36
31	32	34	37
31	32	34	38
31	32	34	39
31	32	34	40
31	32	35	36
31	32	35	37
31	32	35	38
31	32	35	39
31	32	35	40
31	32	36	37
31	32	36	38
31	32	36	39
31	32	36	40
31	32	37	38
31	32	37	39
31	32	37	40
31	32	38	39
31	32	38	40
31	32	39	40
31	33	34	35
31	33	34	36
31	33	34	37
31	33	34	38
31	33	34	39
31	33	34	40
31	33	35	36
31	33	35	37
31	33	35	38
31	33	35	39
31	33	35	40
31	33	36	37
31	33	36	38
31	33	36	39
31	33	36	40
31	33	37	38
31	33	37	39
31	33	37	40
31	33	38	39
31	33	38	40
31	33	39	40
31	34	35	36
31	34	35	37
31	34	35	38
31	34	35	39
31	34	35	40
31	34	36	37
31	34	36	38
31	34	36	39
31	34	36	40
31	34	37	38
31	34	37	39
31	34	37	40
31	34	38	39
31	34	38	40
31	34	39	40
31	35	36	37
31	35	36	38
31	35	36	39
31	35	36	40
31	35	37	38
31	35	37	39
31	35	37	40
31	35	38	39
31	35	38	40
31	35	39	40
31	36	37	38
31	36	37	39
31	36	37	40
31	36	38	39
31	36	38	40
31	36	39	40
31	37	38	39
31	37	38	40
31	37	39	40
31	38	39	40
32	33	34	35
32	33	34	36
32	33	34	37
32	33	34	38
32	33	34	39
32	33	34	40
32	33	35	36
32	33	35	37
32	33	35	38
32	33	35	39
32	33	35	40
32	33	36	37
32	33	36	38
32	33	36	39
32	33	36	40
32	33	37	38
32	33	37	39
32	33	37	40
32	33	38	39
32	33	38	40
32	33	39	40
32	34	35	36
32	34	35	37
32	34	35	38
32	34	35	39
32	34	35	40
32	34	36	37
32	34	36	38
32	34	36	39
32	34	36	40
32	34	37	38
32	34	37	39
32	34	37	40
32	34	38	39
32	34	38	40
32	34	39	40
32	35	36	37
32	35	36	38
32	35	36	39
32	35	36	40
32	35	37	38
32	35	37	39
32	35	37	40
32	35	38	39
32	35	38	40
32	35	39	40
32	36	37	38
32	36	37	39
32	36	37	40
32	36	38	39
32	36	38	40
32	36	39	40
32	37	38	39
32	37	38	40
32	37	39	40
32	38	39	40
33	34	35	36
33	34	35	37
33	34	35	38
33	34	35	39
33	34	35	40
33	34	36	37
33	34	36	38
33	34	36	39
33	34	36	40
33	34	37	38
33	34	37	39
33	34	37	40
33	34	38	39
33	34	38	40
33	34	39	40
33	35	36	37
33	35	36	38
33	35	36	39
33	35	36	40
33	35	37	38
33	35	37	39
33	35	37	40
33	35	38	39
33	35	38	40
33	35	39	40
33	36	37	38
33	36	37	39
33	36	37	40
33	36	38	39
33	36	38	40
33	36	39	40
33	37	38	39
33	37	38	40
33	37	39	40
33	38	39	40
34	35	36	37
34	35	36	38
34	35	36	39
34	35	36	40
34	35	37	38
34	35	37	39
34	35	37	40
34	35	38	39
34	35	38	40
34	35	39	40
34	36	37	38
34	36	37	39
34	36	37	40
34	36	38	39
34	36	38	40
34	36	39	40
34	37	38	39
34	37	38	40
34	37	39	40
34	38	39	40
35	36	37	38
35	36	37	39
35	36	37	40
35	36	38	39
35	36	38	40
35	36	39	40
35	37	38	39
35	37	38	40
35	37	39	40
35	38	39	40
36	37	38	39
36	37	38	40
36	37	39	40
36	38	39	40
37	38	39	40
41	42	43	44
41	42	43	45
41	42	43	46
41	42	43	47
41	42	43	48
41	42	43	49
41	42	43	50
41	42	44	45
41	42	44	46
41	42	44	47
41	42	44	48
41	42	44	49
41	42	44	50
41	42	45	46
41	42	45	47
41	42	45	48
41	42	45	49
41	42	45	50
41	42	46	47
41	42	46	48
41	42	46	49
41	42	46	50
41	42	47	48
41	42	47	49
41	42	47	50
41	42	48	49
41	42	48	50
41	42	49	50
41	43	44	45
41	43	44	46
41	43	44	47
41	43	44	48
41	43	44	49
41	43	44	50
41	43	45	46
41	43	45	47
41	43	45	48
41	43	45	49
41	43	45	50
41	43	46	47
41	43	46	48
41	43	46	49
41	43	46	50
41	43	47	48
41	43	47	49
41	43	47	50
41	43	48	49
41	43	48	50
41	43	49	50
41	44	45	46
41	44	45	47
41	44	45	48
41	44	45	49
41	44	45	50
41	44	46	47
41	44	46	48
41	44	46	49
41	44	46	50
41	44	47	48
41	44	47	49
41	44	47	50
41	44	48	49
41	44	48	50
41	44	49	50
41	45	46	47
41	45	46	48
41	45	46	49
41	45	46	50
41	45	47	48
41	45	47	49
41	45	47	50
41	45	48	49
41	45	48	50
41	45	49	50
41	46	47	48
41	46	47	49
41	46	47	50
41	46	48	49
41	46	48	50
41	46	49	50
41	47	48	49
41	47	48	50
41	47	49	50
41	48	49	50
42	43	44	45
42	43	44	46
42	43	44	47
42	43	44	48
42	43	44	49
42	43	44	50
42	43	45	46
42	43	45	47
42	43	45	48
42	43	45	49
42	43	45	50
42	43	46	47
42	43	46	48
42	43	46	49
42	43	46	50
42	43	47	48
42	43	47	49
42	43	47	50
42	43	48	49
42	43	48	50
42	43	49	50
42	44	45	46
42	44	45	47
42	44	45	48
42	44	45	49
42	44	45	50
42	44	46	47
42	44	46	48
42	44	46	49
42	44	46	50
42	44	47	48
42	44	47	49
42	44	47	50
42	44	48	49
42	44	48	50
42	44	49	50
42	45	46	47
42	45	46	48
42	45	46	49
42	45	46	50
42	45	47	48
42	45	47	49
42	45	47	50
42	45	48	49
42	45	48	50
42	45	49	50
42	46	47	48
42	46	47	49
42	46	47	50
42	46	48	49
42	46	48	50
42	46	49	50
42	47	48	49
42	47	48	50
42	47	49	50
42	48	49	50
43	44	45	46
43	44	45	47
43	44	45	48
43	44	45	49
43	44	45	50
43	44	46	47
43	44	46	48
43	44	46	49
43	44	46	50
43	44	47	48
43	44	47	49
43	44	47	50
43	44	48	49
43	44	48	50
43	44	49	50
43	45	46	47
43	45	46	48
43	45	46	49
43	45	46	50
43	45	47	48
43	45	47	49
43	45	47	50
43	45	48	49
43	45	48	50
43	45	49	50
43	46	47	48
43	46	47	49
43	46	47	50
43	46	48	49
43	46	48	50
43	46	49	50
43	47	48	49
43	47	48	50
43	47	49	50
43	48	49	50
44	45	46	47
44	45	46	48
44	45	46	49
44	45	46	50
44	45	47	48
44	45	47	49
44	45	47	50
44	45	48	49
44	45	48	50
44	45	49	50
44	46	47	48
44	46	47	49
44	46	47	50
44	46	48	49
44	46	48	50
44	46	49	50
44	47	48	49
44	47	48	50
44	47	49	50
44	48	49	50
45	46	47	48
45	46	47	49
45	46	47	50
45	46	48	49
45	46	48	50
45	46	49	50
45	47	48	49
45	47	48	50
45	47	49	50
45	48	49	50
46	47	48	49
46	47	48	50
46	47	49	50
46	48	49	50
47	48	49	50
51	52	53	54
51	52	53	55
51	52	53	56
51	52	53	57
51	52	53	58
51	52	53	59
51	52	53	60
51	52	54	55
51	52	54	56
51	52	54	57
51	52	54	58
51	52	54	59
51	52	54	60
51	52	55	56
51	52	55	57
51	52	55	58
51	52	55	59
51	52	55	60
51	52	56	57
51	52	56	58
51	52	56	59
51	52	56	60
51	52	57	58
51	52	57	59
51	52	57	60
51	52	58	59
51	52	58	60
51	52	59	60
51	53	54	55
51	53	54	56
51	53	54	57
51	53	54	58
51	53	54	59
51	53	54	60
51	53	55	56
51	53	55	57
51	53	55	58
51	53	55	59
51	53	55	60
51	53	56	57
51	53	56	58
51	53	56	59
51	53	56	60
51	53	57	58
51	53	57	59
51	53	57	60
51	53	58	59
51	53	58	60
51	53	59	60
51	54	55	56
51	54	55	57
51	54	55	58
51	54	55	59
51	54	55	60
51	54	56	57
51	54	56	58
51	54	56	59
51	54	56	60
51	54	57	58
51	54	57	59
51	54	57	60
51	54	58	59
51	54	58	60
51	54	59	60
51	55	56	57
51	55	56	58
51	55	56	59
51	55	56	60
51	55	57	58
51	55	57	59
51	55	57	60
51	55	58	59
51	55	58	60
51	55	59	60
51	56	57	58
51	56	57	59
51	56	57	60
51	56	58	59
51	56	58	60
51	56	59	60
51	57	58	59
51	57	58	60
51	57	59	60
51	58	59	60
52	53	54	55
52	53	54	56
52	53	54	57
52	53	54	58
52	53	54	59
52	53	54	60
52	53	55	56
52	53	55	57
52	53	55	58
52	53	55	59
52	53	55	60
52	53	56	57
52	53	56	58
52	53	56	59
52	53	56	60
52	53	57	58
52	53	57	59
52	53	57	60
52	53	58	59
52	53	58	60
52	53	59	60
52	54	55	56
52	54	55	57
52	54	55	58
52	54	55	59
52	54	55	60
52	54	56	57
52	54	56	58
52	54	56	59
52	54	56	60
52	54	57	58
52	54	57	59
52	54	57	60
52	54	58	59
52	54	58	60
52	54	59	60
52	55	56	57
52	55	56	58
52	55	56	59
52	55	56	60
52	55	57	58
52	55	57	59
52	55	57	60
52	55	58	59
52	55	58	60
52	55	59	60
52	56	57	58
52	56	57	59
52	56	57	60
52	56	58	59
52	56	58	60
52	56	59	60
52	57	58	59
52	57	58	60
52	57	59	60
52	58	59	60
53	54	55	56
53	54	55	57
53	54	55	58
53	54	55	59
53	54	55	60
53	54	56	57
53	54	56	58
53	54	56	59
53	54	56	60
53	54	57	58
53	54	57	59
53	54	57	60
53	54	58	59
53	54	58	60
53	54	59	60
53	55	56	57
53	55	56	58
53	55	56	59
53	55	56	60
53	55	57	58
53	55	57	59
53	55	57	60
53	55	58	59
53	55	58	60
53	55	59	60
53	56	57	58
53	56	57	59
53	56	57	60
53	56	58	59
53	56	58	60
53	56	59	60
53	57	58	59
53	57	58	60
53	57	59	60
53	58	59	60
54	55	56	57
54	55	56	58
54	55	56	59
54	55	56	60
54	55	57	58
54	55	57	59
54	55	57	60
54	55	58	59
54	55	58	60
54	55	59	60
54	56	57	58
54	56	57	59
54	56	57	60
54	56	58	59
54	56	58	60
54	56	59	60
54	57	58	59
54	57	58	60
54	57	59	60
54	58	59	60
55	56	57	58
55	56	57	59
55	56	57	60
55	56	58	59
55	56	58	60
55	56	59	60
55	57	58	59
55	57	58	60
55	57	59	60
55	58	59	60
56	57	58	59
56	57	58	60
56	57	59	60
56	58	59	60
57	58	59	60
